.程序集 特殊程序集, , , 

.子程序 指针_到字节集, 字节集, , 
.参数 字节集指针, 整数型, , 
.参数 数据长度, 整数型, , 
.局部变量 字节集, 字节集, , , 

赋值 (字节集, API_取空白字节集 (数据长度))
RtlMoveMemory_int2Bytes (字节集, 字节集指针, 数据长度)
返回 (字节集)

.子程序 指针_到整数, 整数型, , 
.参数 指针, 整数型, , 

置入代码 ({139, 69, 8, 139, 0, 201, 194, 4, 0})
返回 (0)

.子程序 指针_到短整数, 短整数型, , 
.参数 指针, 整数型, , 

置入代码 ({139, 69, 8, 139, 0, 201, 194, 4, 0})
返回 (0)

.子程序 _寻找文本_ASM, 整数型, , 
.参数 文本, 文本型, , 
.参数 欲寻找的文本, 文本型, , 
.参数 起始位置, 整数型, , 

置入代码 ({139, 77, 12, 139, 9, 87, 83, 86, 138, 17, 139, 125, 8, 139, 63, 132, 210, 15, 132, 131, 0, 0, 0, 138, 113, 1, 132, 246, 116, 99, 139, 77, 16, 141, 116, 15, 254, 139, 77, 12, 139, 9, 138, 7, 131, 198, 1, 56, 208, 116, 29, 132, 192, 116, 13, 138, 6, 131, 198, 1, 56, 208, 116, 16, 132, 192, 117, 243, 94, 91, 95, 131, 200, 255, 137, 236, 93, 194, 12, 0, 138, 6, 131, 198, 1, 56, 240, 117, 227, 141, 126, 255, 138, 97, 2, 132, 228, 116, 39, 138, 6, 131, 198, 2, 56, 224, 117, 178, 138, 65, 3, 132, 192, 116, 23, 138, 102, 255, 131, 193, 2, 56, 224, 117, 161, 235, 221, 235, 157, 49, 192, 94, 91, 95, 136, 208, 235, 55, 139, 85, 8, 43, 58, 137, 248, 94, 91, 95, 137, 236, 93, 194, 12, 0, 131, 200, 255, 94, 91, 95, 137, 236, 93, 194, 12, 0, 139, 77, 8, 43, 17, 137, 208, 91, 137, 236, 93, 194, 12, 0, 141, 36, 36, 141, 36, 36, 49, 192, 139, 85, 8, 138, 2, 83, 137, 195, 193, 224, 8, 139, 125, 16, 139, 85, 8, 139, 18, 141, 84, 58, 255, 139, 9, 247, 194, 3, 0, 0, 0, 116, 21, 138, 10, 131, 194, 1, 56, 217, 116, 192, 132, 201, 116, 81, 247, 194, 3, 0, 0, 0, 117, 235, 9, 195, 87, 137, 216, 193, 227, 16, 86, 9, 195, 139, 10, 191, 255, 254, 254, 126, 137, 200, 137, 254, 49, 217, 1, 198, 1, 207, 131, 241, 255, 131, 240, 255, 49, 249, 49, 240, 131, 194, 4, 129, 225, 0, 1, 1, 129, 117, 34, 37, 0, 1, 1, 129, 116, 211, 37, 0, 1, 1, 1, 117, 8, 129, 230, 0, 0, 0, 128, 117, 196, 94, 95, 91, 131, 200, 255, 137, 236, 93, 194, 12, 0, 139, 66, 252, 56, 216, 116, 89, 132, 192, 116, 233, 56, 220, 116, 62, 132, 228, 116, 225, 193, 232, 16, 56, 216, 116, 32, 132, 192, 116, 214, 56, 220, 116, 8, 132, 228, 117, 146, 235, 204, 235, 142, 94, 95, 139, 77, 8, 43, 17, 137, 208, 91, 137, 236, 93, 194, 12, 0, 139, 77, 8, 131, 234, 1, 43, 17, 137, 208, 94, 95, 91, 137, 236, 93, 194, 12, 0, 139, 77, 8, 131, 234, 2, 43, 17, 137, 208, 94, 95, 91, 137, 236, 93, 194, 12, 0, 139, 77, 8, 131, 234, 3, 43, 17, 137, 208, 94, 95, 91, 137, 236, 93, 194, 12, 0})
返回 (0)

.子程序 取编码, 文本型, , 
.参数 序号, 整数型, , 
.参数 欲寻找的文字, 文本型, , 
.局部变量 i, 整数型, , , 
.局部变量 ls, 文本型, , , 
.局部变量 返回, 文本型, , , 
.局部变量 数组, 文本型, , "0", 


.计次循环首 (全_线程参数[序号].全_成员数, i)
    .如果真 (不等于 (_寻找文本_ASM (全_线程参数[序号].全_数组[i], 欲寻找的文字, 1), -1))
        赋值 (ls, 全_线程参数[序号].全_数组[i])
        跳出循环 ()
    .如果真结束
    
.计次循环尾 ()
赋值 (数组, 分割文本 (ls, “ ”, ))
.计次循环首 (取数组成员数 (数组), i)
    .如果真 (等于 (数组[i], 欲寻找的文字))
        赋值 (返回, 相加 (返回, 数组[1], 到文本 (相减 (i, 1))))
        跳出循环 ()
    .如果真结束
    
.计次循环尾 ()
返回 (返回)

.子程序 位测试, 逻辑型, , 测试指定整数值中第几位是否为1或0  为1返回真，为0返回假
.参数 数值, 长整数型, , 
.参数 位数, 整数型, , 1-64

置入代码 ({139, 69, 16, 72, 121, 2, 51, 192, 131, 248, 32, 114, 10, 131, 232, 32, 102, 15, 163, 69, 12, 235, 5, 102, 15, 163, 69, 8, 159, 37, 0, 1, 0, 0, 137, 69, 16})
返回 (不等于 (位数, 0))

